9447	
9505	
9422	
9547	
9563	
9585	
9560	
9414	
9666	
9536	
9449	
9606	
9531	
9305	
9526	
9568	
9734	
9190	
9408	
9361	
9556	
9359	
9537	
9378	
9580	
9448	
9502	
9438	
9473	
9314	
9308	
9348	
9599	
9493	
9517	
9405	
9299	
9659	
9667	
9313	
9567	
9587	
9364	
9420	
9467	
9448	
9514	
9220	
9419	
9539	
9372	
9349	
9422	
9372	
9414	
9563	
9456	
9742	
9574	
9389	
9567	
9336	
9438	
9644	
9476	
9607	
9452	
9511	
9304	
9496	
9385	
9612	
9483	
9287	
9292	
9433	
9559	
9581	
9416	
9406	
9294	
9350	
9529	
9598	
9443	
9427	
9304	
9468	
9545	
9465	
9295	
9461	
9461	
9383	
9498	
9603	
9294	
9389	
9299	
9352	
9520	
9428	
9336	
9332	
9468	
9325	
9421	
9499	
9726	
9385	
9470	
9360	
9684	
9572	
9570	
9623	
9525	
9616	
9360	
9559	
9514	
9409	
9497	
9365	
9516	
9593	
9484	
9517	
9659	
9526	
261	
0	