1779	1981	1878	2023	2039	1983	2037	2133	
1770	2136	2008	2040	2148	2045	1962	2062	
1882	2052	2095	2086	2115	2072	2014	2126	
1873	1988	2094	2192	2059	2014	2050	2120	
1872	2194	2040	2186	1992	2085	2007	2117	
1922	1998	2060	2079	2047	2082	2096	2088	
1949	2014	2021	2121	2141	2021	2012	2066	
1909	2034	2125	2046	2066	2068	2025	2096	
1868	1999	2087	2070	2136	2130	2154	1968	
1964	2105	2069	2161	2148	2106	2038	2111	
1925	2077	2141	2194	2130	2124	2099	2066	
1900	2030	2013	2140	2077	2093	1975	2026	
1944	2121	1992	2060	2128	2076	2015	2043	
1929	2002	2138	2148	2079	2075	2027	2094	
1948	2152	2131	2068	2054	2041	2107	1949	
2091	2131	2094	2175	2145	2098	2086	1960	
1934	2151	2061	2109	2072	2156	2150	2007	
1964	2137	2120	2116	2094	2150	2054	1956	
2029	2083	2048	2089	2145	2036	2051	1919	
2000	2048	2180	2066	2112	2130	2120	1936	
2126	2155	2113	2091	2054	2088	1980	1860	
2080	2117	2101	2142	2054	2098	2163	1948	
2100	2140	2111	2135	2011	2044	2120	1903	
2131	2166	2054	2189	2160	2116	2082	1932	
2076	2155	2035	2097	2113	2126	1932	1926	
2056	2217	1998	2162	2076	2093	1995	1933	
2169	2187	2154	2177	2100	2062	2030	1890	
2118	2205	2136	2168	2085	2106	2016	1906	
2075	2132	2087	2223	2117	2125	2065	1898	
2195	2178	2141	2196	2175	2088	2101	1918	
2205	2179	2106	2206	2077	1988	2079	1879	
2115	2157	2145	2083	2097	2170	2101	1879	
2135	2199	2097	2100	2138	2106	2103	1808	
2170	2186	2152	2183	2134	2188	2067	1904	
2112	2187	2185	2168	2105	2190	2106	1849	
2288	2215	2123	2113	2152	2136	2020	1842	
2123	2226	2169	2175	2154	2062	2076	1845	
2264	2212	2154	2223	2081	2040	2060	1835	
2207	2155	2115	2227	2057	2064	2045	1815	
2181	2206	2140	2131	2059	2119	2125	1782	
2255	2148	2127	2180	2127	2080	2040	1825	
2243	2255	2127	2174	2157	2120	2067	1847	
2316	2311	2072	2103	2075	2098	2112	1796	
2278	2251	2137	2105	2145	2121	2164	1731	
2267	2223	2162	2166	2158	2175	2136	1874	
2335	2152	2221	2171	2126	2214	2052	1844	
2209	2167	2168	2203	2094	2047	2036	1777	
2293	2139	2116	2092	2178	2173	2140	1801	
2187	2132	2231	2190	2131	2090	2149	1762	
2170	2146	2163	2101	2130	2080	2058	1804	
2273	2278	2152	2129	2052	2099	2068	1838	
2257	2115	2178	2117	2185	2126	2092	1767	
2307	2188	2189	2106	2067	2119	2028	1850	
2311	2197	2054	2153	2120	2139	2037	1823	
2298	2174	2130	2156	2107	2144	2086	1813	
2164	2193	2119	2178	2089	2009	1966	1738	
2210	2193	2153	2124	2122	2170	2110	1803	
2185	2133	2118	2117	2088	2092	2024	1806	
2163	2146	2143	2197	2063	2071	2066	1872	
2170	2189	2158	2142	2167	2075	2022	1893	
2133	2185	2145	2184	2065	2162	2030	1783	
2135	2252	2124	2170	2118	2116	2054	1872	
2196	2197	2083	2193	2082	2111	2016	1857	
2214	2177	2146	2068	2169	2129	2116	1921	
2196	2186	2066	2120	2155	2073	2048	1839	
2197	2173	2070	2173	2106	2099	2068	1835	
2156	2186	2086	2107	2089	2082	2075	1851	
2095	2102	2086	2173	2124	2149	2058	1851	
2153	2080	2060	2087	2064	2048	2197	1868	
2142	2161	2091	2055	2200	2066	2062	1870	
2003	2088	2058	2112	2166	2052	2112	1934	
1993	2031	2013	2106	1998	2082	2092	1945	
2057	2083	2120	2128	2039	2132	2080	1969	
2011	2126	2141	2145	2106	2066	2016	1955	
1986	2098	2146	2079	2057	2058	2099	1986	
2037	2095	2046	2125	2087	2069	1980	1951	
1939	2156	2063	2051	1996	2097	2040	1955	
1983	2053	2047	2176	2084	1955	2042	2028	
1942	2015	2090	2077	1992	2039	2043	1971	
1883	2101	2012	2086	2105	2049	2104	1946	
1861	2102	2011	2172	2072	2072	2060	2027	
1950	2042	2017	2118	2024	2046	2014	1990	
2006	2128	2062	2001	2066	2002	1974	1959	
1903	2038	2168	2105	2063	2024	2069	2131	
1916	2099	2061	2146	2134	2099	2031	2028	
1883	2093	2055	2023	2023	2098	2017	1984	
1787	1986	2138	2055	2038	1979	2069	2084	
1864	2000	2028	2066	2074	2045	2001	1994	
1873	2012	2007	2053	2014	2087	2036	2040	
1802	2066	1968	2148	2076	2117	2047	2117	
1853	2020	2005	2053	2012	2105	1966	2126	
1797	2018	1995	2085	2022	1937	2022	2019	
1832	2030	1940	2045	2133	2103	2053	2049	
1749	2073	2061	2015	2045	2013	2071	2070	
1737	1987	1998	2191	2003	2005	1990	2017	
1758	2003	2026	2070	1945	2056	2070	2062	
1782	2014	1977	2150	2003	2038	2017	2070	
1734	2039	2125	2079	2041	2069	1941	2123	
1714	2059	2011	2009	2108	2071	1987	2107	
1652	2007	1998	2080	1988	1984	2048	2089	
1785	1953	1959	2146	2037	2097	2032	2132	
1643	2009	1959	2050	2060	2019	2014	2138	
1733	2030	2008	2076	2056	2080	2030	2206	
1763	1974	2014	1990	1984	2001	1979	2090	
1722	1987	2002	2035	2045	1982	1975	2050	
1735	1987	1936	2149	2031	2003	2018	2141	
1743	1922	1914	2113	2010	2080	1857	2187	
1731	1984	2036	2012	2001	2045	2046	2086	
1783	2014	2006	2040	1929	2023	2037	2112	
1703	1966	1957	1983	2120	2044	2025	2189	
1730	2076	1951	2094	2002	2043	1973	2175	
1732	1911	2109	2166	2016	1960	2017	2163	
1707	2019	1928	2022	2147	2058	2117	2164	
1735	1985	2008	2062	2107	2032	2035	2218	
1684	2077	1952	2027	2053	2039	1964	2117	
1802	2052	2024	2075	1964	2045	1948	2137	
1713	2011	2037	2008	2089	2023	1962	2151	
1711	2002	1955	2030	2067	2057	2003	2206	
1725	1959	2010	2106	2066	2047	1984	2111	
1745	2017	2046	2038	1988	2054	2028	2253	
1711	2002	1985	2123	2159	2080	2019	2264	
1776	2084	2024	2044	2137	1987	2033	2199	
1712	2088	2076	2082	2009	1995	2028	2203	
1755	1936	1949	2004	2014	2056	2066	2185	
1742	1958	1984	2028	2088	2038	1922	2188	
1820	1985	1956	2059	2091	2078	1933	2134	
1853	1978	2083	2082	2106	2127	1950	2143	
1806	2067	2037	2092	2041	2020	2164	2158	
1858	2047	2032	2064	2106	2063	2031	2162	
1797	1955	2053	2046	2098	2030	2064	2030	
104	83	103	115	101	99	112	116	
0	0	0	0	0	0	0	0	