1939	2131	2084	1931	1942	1847	1756	1870	
2003	2121	2017	1931	2048	1910	1771	1941	
1994	2152	2041	1983	2052	1934	1796	1885	
2027	2029	2033	1956	1965	1894	1796	1908	
1988	2159	2007	1901	2028	1857	1727	1966	
1923	2086	2114	1922	2010	1944	1791	1916	
2009	2010	1993	1862	2102	1917	1752	1873	
1980	2068	2085	1974	2010	1898	1773	1894	
2016	2060	2102	1879	2031	1956	1865	1918	
1989	2063	2089	1985	1965	1950	1778	1848	
1927	2087	2057	2028	1916	1998	1761	1881	
1939	2085	2138	1934	2041	1958	1694	1798	
1928	2092	2033	1977	1981	1919	1811	1951	
1971	2010	1989	1912	1998	1962	1760	1894	
1979	2068	2020	1821	1967	1934	1791	1893	
1862	2060	1997	1857	2101	1968	1683	1927	
1821	2099	2096	1904	2050	2001	1745	1909	
1973	2031	2040	1892	2008	1975	1690	1911	
1988	1996	1990	1945	1967	1887	1759	1830	
1907	1963	1992	1912	1941	1856	1735	1839	
1864	2026	2022	1902	2029	1888	1774	1955	
1911	1921	2093	1831	1959	1969	1784	1953	
1811	2039	2000	1866	1990	1868	1775	1893	
1875	1996	2017	1903	2027	1951	1761	1936	
1922	2023	1976	1904	2033	1980	1757	1994	
1900	1998	2064	1888	1995	1961	1787	1865	
1899	2016	1949	1923	1969	1883	1804	1929	
1856	1993	1959	1934	1989	1910	1791	1944	
1893	2048	2080	1902	1995	1911	1813	2014	
1873	2023	2053	1962	2004	1957	1776	1966	
1849	2000	2086	1897	2065	1925	1839	1919	
1860	2036	2044	1975	2029	1882	1784	1834	
1863	2004	1961	2031	1920	1940	1768	1912	
1953	1991	2037	1859	1984	1992	1806	1937	
1807	1974	2028	1891	1924	1913	1863	1893	
1857	1976	2037	1914	1981	1930	1807	1903	
1845	1937	2028	1942	1992	2021	1853	2005	
1913	2057	2035	1951	1993	1915	1793	1953	
1827	1960	1978	1857	2013	1885	1827	1952	
1854	2063	2033	1946	1980	1944	1861	1974	
1872	2042	1995	1945	1925	1910	1787	1849	
1773	1951	2041	1887	1998	1955	1783	1941	
1905	1971	2002	1904	1997	2011	1791	1928	
1833	2070	2069	1971	1973	1920	1837	1963	
1836	2072	2011	1920	2032	1925	1798	1894	
1821	1924	1913	1890	1903	1949	1764	1915	
1885	2025	2032	1872	2074	1901	1828	1868	
1878	2035	2002	1888	1978	1937	1819	1941	
1852	2103	2006	1987	1934	2019	1820	1850	
1818	2107	2038	1881	1986	1969	1829	2021	
1863	1974	1951	1959	2002	1959	1802	1924	
1768	2045	2034	1907	1992	1865	1862	1994	
1826	2059	2054	1958	2039	1919	1776	2027	
1836	2026	2054	1934	1960	1930	1807	1933	
1875	1923	2018	1926	2047	1964	1766	1906	
1802	2033	2035	1851	1962	1923	1825	1914	
1893	2090	1969	1957	1984	1970	1764	1940	
1916	2021	2036	1968	1949	1903	1683	1930	
1944	2020	1997	1943	1906	1961	1845	1961	
1872	1995	2123	1947	1986	1915	1755	1935	
1876	2074	1969	1889	1970	1936	1798	1818	
1981	2073	2054	1916	1945	1983	1807	1926	
1873	1941	2059	1900	2073	1959	1863	1925	
1913	2014	1926	1879	2000	1945	1829	1903	
1876	2080	2037	1920	2040	1919	1788	1935	
1889	2064	1919	1948	1975	1952	1811	1898	
1944	1948	2055	1915	2076	1928	1761	1889	
1936	1995	2007	1957	1969	1919	1828	1946	
1841	2022	2007	1885	2038	1899	1810	1845	
1928	2013	2013	1914	2049	1879	1723	1963	
1947	1978	2027	1914	2019	1954	1725	1864	
1944	2110	2021	1916	1998	1915	1713	1936	
1897	2043	1980	1872	2039	1964	1808	1948	
1868	1972	1927	1869	1971	1935	1806	1988	
1983	2063	2017	1944	1903	1893	1747	1859	
1915	2025	2064	1924	2034	1895	1774	1849	
1916	2050	2077	1856	2079	1914	1751	1892	
1899	2069	2011	1997	1989	1883	1700	1877	
1969	2095	2017	1906	2020	1885	1701	1891	
1909	2068	2004	1815	2007	1914	1737	1965	
1980	1948	2068	1962	1906	1902	1769	1881	
1942	2107	1947	1855	2005	1859	1742	1849	
1906	2018	2047	1955	1989	1907	1784	1892	
1937	2070	2014	1944	1975	1958	1699	1866	
2025	2090	2047	1932	1901	1860	1758	1854	
2018	2050	1925	1959	1990	1905	1736	1860	
1998	2073	2127	1888	1984	1885	1697	1877	
1998	2065	1970	1931	1914	1890	1711	1868	
1984	2021	1952	1889	1905	1844	1769	1886	
1938	2027	2048	1960	2004	1923	1716	1852	
1953	2123	1995	1918	1936	1871	1738	1750	
2081	2104	2006	1951	1975	1908	1701	1797	
2037	2047	2051	1970	1959	1875	1727	1799	
1975	2066	1942	1963	1898	1852	1747	1820	
1976	2061	2047	1965	1916	1905	1769	1802	
2039	2176	1996	1898	1980	1920	1734	1789	
2025	2069	2023	1909	1956	1870	1698	1866	
2044	1989	2083	1925	1894	1846	1787	1859	
1990	2041	2022	1913	1985	1891	1686	1829	
2028	2134	2040	1888	1943	1903	1681	1848	
1985	2109	2042	1928	2028	1941	1707	1900	
2031	2119	2133	1891	1919	1964	1718	1800	
2084	2197	2085	1890	1934	1856	1743	1854	
1966	2069	2069	1929	1964	1846	1699	1820	
2078	2022	2138	1947	1967	1879	1681	1837	
2053	2077	2039	1966	1969	1910	1746	1815	
2009	2128	2049	1996	1874	1903	1714	1873	
2015	2049	2086	1924	1968	1931	1739	1929	
2119	2074	1982	1849	1988	1894	1747	1754	
2112	2061	2036	1868	1987	1911	1748	1780	
2044	2062	2021	2019	1942	1918	1729	1839	
2029	2155	2055	1936	2020	1910	1746	1902	
2050	2112	2075	1870	2002	1924	1811	1820	
2035	2134	2051	1923	1933	1924	1747	1839	
2032	2036	1962	1972	1941	1887	1750	1853	
1952	2151	2065	1986	2009	1883	1705	1832	
2036	2106	2056	1881	1923	1845	1739	1810	
2043	2097	2064	1902	1961	1889	1739	1885	
2025	2110	2117	1986	1986	1916	1678	1874	
2035	2239	2128	1969	2009	1956	1744	1863	
2026	2091	2104	1956	1955	1905	1781	1878	
2032	2117	2073	1979	1950	1919	1717	1936	
2056	2076	2036	1887	1917	1903	1756	1873	
1938	2093	2175	1985	2065	1816	1749	1838	
1986	2121	2095	1936	2009	1968	1673	1815	
2062	2107	2040	1942	2012	1925	1798	1920	
2033	2097	2027	2027	1990	1908	1780	1908	
2045	2149	2065	1907	1997	1915	1762	1877	
1981	2069	2101	1950	1980	1957	1690	1878	
1945	2015	2051	1937	2022	1825	1788	1912	
94	105	91	80	104	93	80	109	
0	0	0	0	0	0	0	0	