1758	1871	1844	1781	1932	1916	9465	
1763	1885	1881	1911	1970	1871	9353	
1693	1864	1782	1768	1951	1872	9510	
1905	1891	1869	1864	1911	2007	9695	
1885	1869	1899	1814	1938	1856	9725	
1788	1879	1908	1811	1895	1873	9588	
1820	1895	1832	1820	1937	2009	9716	
1821	1863	1935	1762	1938	1867	9537	
1766	1920	1844	1860	2009	1934	9419	
1873	1856	1844	1773	1938	1900	9698	
1883	1893	1900	1855	1988	1874	9700	
1953	1884	1919	1808	1911	1895	9678	
1820	1920	1852	1829	1981	1873	9402	
1765	1869	1831	1836	1987	1888	9636	
1845	1859	1793	1824	1870	1872	9483	
1850	1920	1872	1889	1933	1908	9474	
1756	1909	1793	1928	2014	1938	9646	
1830	1895	1824	1841	1949	1903	9341	
1784	1835	1797	1867	1930	1853	9312	
1797	1898	1782	1760	1909	1845	9435	
1802	1949	1865	1872	1970	1852	9698	
1842	1888	1916	1894	1921	1836	9616	
1879	1817	1842	1862	1980	1832	9637	
1735	1935	1889	1766	1878	1883	9602	
1832	1908	1899	1795	1885	1865	9371	
1764	1893	1850	1835	1927	1980	9557	
1818	1850	1836	1836	1979	1852	9510	
1815	1885	1862	1855	1997	1946	9624	
1836	1814	1894	1844	1945	1847	9624	
1783	1859	1859	1748	1912	1853	9751	
1768	1904	1745	1774	1953	1877	9408	
1794	1813	1870	1890	1975	1925	9414	
1746	1978	1830	1770	1959	1865	9563	
1718	1900	1908	1840	1868	1904	9604	
1809	1882	1922	1868	1971	1863	9499	
1756	1891	1821	1744	1901	1810	9586	
1725	1818	1747	1822	1897	1922	9270	
1794	1937	1847	1826	1897	1781	9533	
1757	1942	1902	1859	2006	1899	9500	
1827	1867	1848	1836	1926	1912	9317	
1844	1879	1805	1832	1862	1884	9534	
1821	1929	1899	1830	1942	1845	9449	
1815	1807	1845	1774	1974	1818	9445	
1722	1915	1860	1820	1926	1847	9717	
1810	1881	1839	1836	1970	1864	9393	
1827	1910	1879	1786	1950	1856	9421	
1775	1835	1813	1772	1912	1956	9539	
1798	1807	1883	1823	1885	1852	9655	
1798	1888	1907	1815	1843	1852	9715	
1735	1864	1869	1810	1874	1896	9425	
1788	1939	1853	1793	1932	1875	9673	
1859	1892	1833	1801	1846	1909	9403	
1855	1917	1821	1817	1925	1790	9519	
1855	1878	1849	1826	1894	1853	9498	
1838	1908	1905	1773	1937	1865	9384	
1792	2003	1830	1855	1882	1912	9486	
1779	1870	1845	1695	1924	1814	9487	
1731	1772	1864	1791	1917	1836	9446	
1802	1939	1788	1783	1877	1877	9575	
1817	1912	1862	1859	1984	1847	9386	
1756	1776	1790	1799	1919	1867	9492	
1844	1885	1882	1850	1942	1834	9423	
1731	1874	1891	1756	1936	1831	9512	
1826	1866	1779	1779	1904	1887	9446	
1781	1839	1780	1741	1944	1766	9231	
1788	1918	1847	1867	1875	1871	9397	
1848	1900	1883	1815	1955	1889	9632	
1805	1862	1911	1735	1993	1893	9422	
1812	1910	1833	1785	1983	1955	9566	
1679	1864	1922	1828	1908	1807	9446	
1737	1973	1904	1735	1954	1807	9454	
1803	1971	1900	1789	1923	1859	9339	
1816	1841	1961	1779	1970	1940	9521	
1803	1902	1833	1778	1894	1852	9478	
1806	1899	1822	1764	1889	1996	9422	
1795	1796	1689	1883	1941	1872	9536	
1793	1886	1812	1874	1990	1910	9617	
1850	1890	1880	1864	1842	1967	9724	
1741	1885	1832	1786	1913	1841	9529	
1788	1861	1906	1774	1910	1848	9288	
1810	1908	1807	1811	1895	1920	9450	
1832	1914	1850	1867	1977	1809	9435	
1746	1855	1883	1868	1942	1830	9591	
1684	1853	1859	1865	1962	1945	9477	
1849	1859	1841	1801	1901	1935	9572	
1715	1874	1816	1708	1967	1861	9406	
1804	1787	1843	1827	1882	1913	9454	
1787	1862	1826	1875	1949	1896	9606	
1852	1860	1817	1816	1863	1901	9666	
1762	1779	1870	1797	1996	1909	9510	
1756	1914	1806	1825	1894	1920	9485	
1839	1744	1771	1770	1914	1876	9531	
1812	1912	1774	1785	1910	1888	9437	
1819	1840	1783	1790	1948	1872	9421	
1816	1968	1849	1773	1989	1876	9525	
1864	1828	1889	1797	1802	1876	9515	
1852	1843	1848	1754	1882	1928	9430	
1752	1917	1855	1807	1958	1794	9527	
1929	1808	1819	1756	1881	1911	9194	
1755	1854	1777	1809	2022	1938	9432	
1843	1874	1794	1802	1938	2009	9549	
1855	1855	1841	1857	1900	1936	9299	
1826	1859	1848	1814	1924	1925	9406	
1828	1925	1800	1750	1866	1860	9696	
1836	1872	1921	1852	1825	1885	9469	
1839	1835	1849	1794	1911	1956	9319	
1834	1947	1839	1831	1954	1897	9426	
1816	1834	1801	1747	1936	1900	9448	
1826	1811	1838	1869	1988	1884	9419	
1783	1939	1844	1796	1962	1931	9581	
1855	1843	1891	1796	1947	2035	9505	
1874	1817	1897	1759	1958	1869	9499	
1877	1858	1862	1817	1949	1810	9680	
1849	1964	1859	1785	1877	1866	9496	
1836	1903	1848	1822	1951	1910	9527	
1820	1840	1870	1823	2014	1888	9496	
1907	1784	1894	1862	1933	1851	9597	
1819	1842	1879	1849	1938	1925	9375	
1884	1904	1885	1880	1973	1971	9470	
1818	1926	1812	1869	2028	1933	9767	
1817	1882	1871	1840	1942	1962	9662	
1795	1864	1844	1822	1922	1870	9437	
1905	1872	1746	1828	2002	1924	9673	
1786	1947	1835	1857	1956	1919	9860	
1763	1853	1912	1848	1940	1924	9454	
1840	1876	1891	1857	1943	1825	9491	
1907	1853	1849	1862	1944	1936	9432	
1814	1881	1831	1836	1939	1944	9622	
1843	1892	1789	1824	1859	1886	9609	
1816	1864	1825	1828	1956	1920	9452	
58	50	52	62	49	54	276	
0	0	0	0	0	0	0	